attribute,having_ip_address,[-1,1].
attribute,url_length,[1,0,-1].
attribute,shortining_service,[1,-1].
attribute,having_at_symbol,[1,-1].
attribute,double_slash_redirecting,[-1,1].
attribute,prefix_suffix,[-1,1].
attribute,having_sub_domain,[-1,0,1].
attribute,sslfinal_state,[-1,1,0].
attribute,domain_registeration_length,[-1,1].
attribute,favicon,[1,-1].
attribute,port,[1,-1].
attribute,https_token,[-1,1].
attribute,request_url,[1,-1].
attribute,url_of_anchor,[-1,0,1].
attribute,links_in_tags,[1,-1,0].
attribute,sfh,[-1,1,0].
attribute,submitting_to_email,[-1,1].
attribute,abnormal_url,[-1,1].
attribute,redirect,[0,1].
attribute,on_mouseover,[1,-1].
attribute,rightclick,[1,-1].
attribute,popupwidnow,[1,-1].
attribute,iframe,[1,-1].
attribute,age_of_domain,[-1,1].
attribute,dnsrecord,[-1,1].
attribute,web_traffic,[-1,0,1].
attribute,page_rank,[-1,1].
attribute,google_index,[1,-1].
attribute,links_pointing_to_page,[1,0,-1].
attribute,statistical_report,[-1,1].
-1,1,1,1,-1,-1,-1,-1,-1,1,1,-1,1,-1,1,-1,-1,-1,0,1,1,1,1,-1,-1,-1,-1,1,1,-1,-1.
1,0,1,1,1,-1,-1,-1,-1,1,1,-1,1,0,-1,-1,-1,-1,0,1,1,1,1,1,-1,1,-1,1,0,-1,-1.
1,0,-1,1,1,-1,1,1,-1,1,1,1,1,0,0,-1,1,1,0,-1,1,-1,1,-1,-1,0,-1,1,1,1,1.
1,0,-1,1,1,-1,-1,-1,1,1,1,1,-1,-1,0,-1,-1,-1,0,1,1,1,1,1,-1,-1,-1,1,0,-1,-1.
1,0,-1,1,1,-1,1,1,-1,1,1,-1,1,0,1,-1,1,1,0,1,1,1,1,1,-1,1,1,1,0,1,1.
1,1,1,1,1,-1,0,1,1,1,1,1,-1,0,0,-1,-1,-1,0,1,1,1,1,-1,1,1,1,1,-1,-1,1.
-1,1,-1,1,-1,-1,0,0,1,1,1,-1,-1,-1,1,-1,1,1,0,-1,1,-1,1,1,-1,-1,-1,1,0,1,-1.
1,1,-1,1,1,1,-1,1,-1,1,1,-1,1,0,1,1,1,1,0,1,1,1,1,1,-1,1,-1,1,-1,1,1.
1,-1,-1,1,1,-1,1,1,-1,1,1,-1,1,0,-1,-1,-1,-1,0,1,1,1,1,1,-1,0,-1,1,1,-1,-1.
1,1,1,1,1,-1,-1,1,1,1,1,-1,-1,0,-1,-1,-1,-1,0,1,1,1,1,1,-1,-1,1,1,-1,-1,1.
1,0,-1,1,1,-1,0,1,-1,1,1,1,1,0,0,-1,-1,-1,0,-1,1,-1,1,-1,1,1,-1,1,-1,-1,1.
1,1,1,1,1,-1,-1,-1,-1,1,1,-1,1,0,0,-1,1,1,0,1,1,1,1,1,1,0,-1,1,-1,1,1.
1,-1,-1,-1,1,-1,1,1,-1,1,1,-1,-1,0,0,-1,1,1,0,1,1,1,1,1,1,-1,-1,1,0,1,1.
1,-1,1,1,1,-1,0,-1,1,1,1,-1,-1,-1,-1,-1,-1,-1,0,1,1,1,1,1,1,0,-1,1,-1,-1,-1.
1,-1,-1,1,-1,1,-1,1,-1,1,1,1,1,1,0,-1,1,1,1,1,1,1,1,-1,-1,1,-1,1,-1,1,1.
1,-1,1,1,1,-1,-1,1,-1,1,1,-1,1,0,1,-1,1,1,0,1,1,1,1,-1,-1,-1,-1,1,0,1,1.
1,-1,1,1,1,1,1,1,-1,1,1,1,1,1,1,1,-1,-1,0,1,1,1,1,1,1,-1,-1,1,-1,-1,1.
1,0,1,1,1,-1,0,0,1,1,1,1,-1,-1,-1,-1,-1,-1,0,1,1,1,1,1,-1,1,-1,1,1,-1,-1.
1,0,1,1,1,-1,-1,1,-1,-1,1,-1,-1,-1,0,-1,1,1,0,-1,1,-1,-1,-1,-1,0,-1,1,0,1,-1.
1,1,1,1,1,1,-1,1,-1,1,1,1,1,1,-1,1,-1,-1,0,1,1,1,1,1,-1,1,-1,-1,1,-1,1.
1,-1,1,1,1,1,1,1,-1,1,1,-1,1,1,0,-1,1,1,0,1,1,1,1,1,-1,1,-1,1,0,1,1.
1,-1,1,1,1,-1,-1,-1,1,-1,-1,1,-1,-1,-1,-1,-1,-1,0,-1,1,-1,1,-1,-1,1,-1,1,-1,-1,-1.
1,-1,1,-1,1,-1,0,-1,-1,1,1,1,1,-1,1,-1,-1,-1,0,1,1,1,1,-1,1,1,-1,1,1,-1,-1.
-1,1,-1,1,-1,1,-1,1,-1,1,1,-1,1,0,0,1,-1,-1,0,1,1,1,1,1,1,1,-1,1,1,-1,1.
1,-1,1,1,1,-1,-1,1,-1,1,1,1,1,-1,-1,-1,1,1,0,1,1,1,1,-1,-1,0,-1,1,0,1,-1.
1,-1,1,1,1,-1,1,1,-1,1,1,-1,1,0,-1,-1,1,1,0,1,1,1,1,1,1,0,-1,1,0,1,-1.
-1,-1,-1,1,-1,1,-1,1,-1,1,1,-1,1,1,1,-1,-1,-1,0,1,1,1,1,1,-1,1,-1,-1,0,-1,1.
1,-1,1,1,1,-1,0,-1,1,-1,-1,-1,-1,-1,0,-1,-1,-1,0,-1,1,-1,1,-1,-1,0,-1,1,0,-1,-1.
-1,-1,-1,1,-1,1,1,1,1,1,1,-1,1,0,0,-1,1,1,0,1,1,1,1,1,1,1,-1,1,1,1,1.
1,-1,1,1,1,-1,-1,-1,-1,-1,-1,-1,1,0,0,-1,-1,-1,0,-1,1,-1,1,-1,-1,0,-1,1,0,-1,-1.
1,-1,1,1,1,-1,1,-1,1,1,1,1,1,0,-1,-1,1,1,0,1,1,1,1,-1,-1,0,-1,1,1,1,-1.
1,1,1,1,1,1,0,1,-1,1,1,1,1,0,0,1,-1,-1,0,1,1,1,1,-1,1,0,-1,1,0,-1,1.
1,1,1,1,-1,1,1,1,-1,-1,1,1,1,1,1,1,1,1,1,-1,1,-1,1,1,-1,1,-1,1,0,1,1.
1,1,1,1,-1,-1,-1,-1,-1,-1,-1,1,1,-1,-1,1,-1,-1,1,-1,1,-1,1,-1,-1,1,-1,1,-1,-1,-1.
1,-1,1,1,1,1,-1,1,-1,1,1,-1,-1,1,-1,-1,-1,-1,0,1,1,1,1,1,1,0,-1,1,0,-1,1.
1,-1,1,1,1,-1,1,1,-1,1,1,1,1,1,0,-1,-1,-1,0,1,1,1,1,1,1,1,1,1,0,-1,1.
1,-1,1,1,1,-1,-1,-1,-1,1,1,1,1,0,-1,-1,-1,-1,0,1,1,1,1,-1,1,-1,-1,1,0,-1,-1.
1,-1,1,1,-1,-1,0,0,-1,1,1,-1,-1,-1,1,-1,1,1,0,1,1,1,1,1,1,-1,-1,1,0,1,-1.
1,-1,1,1,-1,1,0,1,1,-1,-1,-1,-1,0,1,-1,-1,-1,1,-1,1,-1,1,-1,1,1,1,1,0,-1,1.
1,-1,1,1,1,-1,-1,-1,-1,1,1,1,1,-1,0,-1,1,1,0,1,1,1,1,-1,-1,-1,-1,1,-1,1,-1.
1,-1,1,1,-1,-1,0,-1,1,1,1,1,-1,-1,0,-1,1,1,0,1,1,1,1,-1,-1,-1,-1,1,0,1,-1.
1,-1,1,1,1,1,-1,1,-1,1,1,1,1,0,0,-1,1,1,0,1,1,1,1,-1,-1,1,-1,1,-1,1,1.
1,1,1,1,1,-1,1,1,-1,-1,1,-1,1,0,0,1,1,1,0,-1,1,-1,1,1,1,1,-1,1,-1,1,1.
1,-1,1,1,-1,-1,1,-1,-1,-1,-1,-1,1,0,-1,-1,-1,-1,0,-1,1,-1,1,1,-1,0,-1,1,-1,-1,-1.
1,-1,1,1,1,1,1,1,-1,1,1,1,1,1,1,-1,1,1,0,1,1,1,1,1,1,1,-1,1,0,1,1.
1,-1,1,1,1,-1,1,-1,-1,1,1,-1,1,0,1,-1,1,1,0,1,1,1,1,1,1,0,-1,1,-1,1,-1.
1,-1,1,1,1,-1,1,1,-1,1,1,-1,-1,1,0,-1,-1,-1,0,1,1,1,1,1,1,-1,-1,1,0,-1,1.
1,-1,1,1,1,-1,1,1,-1,1,1,1,1,0,1,-1,1,1,0,1,1,1,1,1,1,-1,1,1,-1,1,1.
1,-1,1,1,1,-1,1,1,-1,1,1,1,1,0,1,-1,1,1,0,1,1,1,1,1,-1,0,-1,1,-1,1,-1.
-1,-1,-1,1,-1,-1,-1,-1,-1,-1,1,-1,-1,-1,1,-1,-1,-1,1,-1,1,-1,1,-1,-1,0,-1,1,0,-1,-1.
1,-1,1,1,1,-1,-1,-1,-1,1,1,-1,1,0,-1,-1,1,1,0,1,1,1,1,-1,-1,0,-1,1,0,1,-1.
1,-1,1,1,1,-1,0,1,1,1,1,1,-1,0,-1,-1,1,1,0,1,1,1,1,-1,-1,1,1,1,1,1,1.
1,-1,1,1,1,-1,-1,1,-1,1,1,1,1,0,1,-1,-1,1,0,1,1,1,1,1,1,1,-1,1,-1,1,1.
1,-1,1,1,1,-1,-1,-1,-1,1,1,1,1,0,-1,-1,-1,1,0,1,1,1,1,1,-1,1,-1,1,-1,1,-1.
1,-1,1,1,1,-1,0,1,-1,1,1,1,1,0,1,-1,-1,1,0,1,1,1,1,-1,1,1,-1,1,-1,1,1.
1,-1,1,1,1,-1,1,1,-1,1,1,-1,-1,1,1,-1,1,1,0,1,1,1,1,1,-1,1,-1,1,0,1,1.
1,-1,1,1,1,-1,1,1,-1,1,1,1,1,0,-1,-1,1,1,0,1,1,1,1,-1,1,0,-1,1,0,1,-1.
1,1,1,1,1,-1,-1,1,-1,-1,1,1,1,0,1,1,1,-1,0,-1,1,-1,1,-1,-1,0,-1,1,-1,-1,-1.
-1,1,-1,1,-1,-1,1,-1,-1,1,1,-1,1,-1,1,1,1,-1,1,-1,1,-1,1,1,1,1,-1,1,0,-1,-1.
1,-1,1,1,1,1,1,1,-1,1,1,1,-1,0,-1,-1,-1,1,0,1,1,1,1,1,1,0,-1,1,0,1,1.
1,-1,1,1,1,-1,-1,-1,1,1,1,-1,-1,0,-1,-1,1,1,0,1,1,1,1,-1,1,0,-1,1,1,1,1.
1,1,1,1,1,1,0,-1,-1,1,1,1,1,0,0,1,1,1,0,1,1,1,1,1,1,1,-1,1,-1,1,1.
1,-1,1,1,1,-1,-1,-1,1,-1,1,1,-1,-1,1,-1,1,1,0,-1,1,-1,1,-1,-1,-1,-1,1,1,1,-1.
1,-1,1,1,1,-1,0,1,-1,1,1,1,1,0,1,-1,1,1,0,1,1,1,1,-1,1,1,-1,1,0,1,1.
1,-1,1,1,1,1,0,-1,1,1,1,1,-1,0,-1,-1,1,1,0,1,1,1,1,1,1,-1,-1,1,1,1,1.
1,-1,1,1,-1,-1,-1,0,1,1,1,1,-1,0,-1,-1,1,1,1,1,1,1,1,-1,-1,0,-1,1,1,1,-1.
1,-1,1,1,-1,-1,1,-1,-1,1,1,1,1,0,0,-1,-1,1,1,1,1,1,1,-1,-1,0,-1,1,0,1,-1.
1,-1,1,1,1,-1,0,-1,1,1,1,1,-1,-1,-1,-1,1,1,0,1,1,1,1,-1,-1,-1,-1,1,1,1,-1.
1,-1,1,1,1,-1,-1,-1,-1,1,1,1,1,0,-1,-1,1,1,0,1,1,1,1,-1,-1,1,-1,1,0,1,-1.
1,-1,1,1,1,-1,0,0,1,1,1,1,-1,-1,-1,-1,-1,1,0,1,1,1,1,1,-1,-1,-1,1,1,1,-1.
1,-1,1,1,1,-1,-1,1,-1,1,1,1,1,0,0,-1,1,1,0,1,1,1,1,-1,-1,0,-1,1,-1,1,-1.
1,-1,1,1,1,-1,1,-1,-1,-1,1,1,1,0,0,-1,1,1,0,-1,1,-1,1,1,-1,0,-1,1,-1,1,-1.
1,1,1,1,1,-1,-1,-1,1,1,1,1,-1,-1,0,1,1,1,0,1,1,1,1,-1,-1,0,-1,1,1,1,-1.
1,-1,1,1,1,-1,-1,-1,-1,1,1,1,1,-1,0,-1,-1,1,0,1,1,1,1,-1,-1,1,-1,1,-1,1,-1.
1,-1,1,1,1,-1,-1,1,-1,1,1,1,1,0,0,-1,-1,1,0,1,1,1,1,1,-1,1,-1,1,-1,1,1.
-1,1,-1,1,-1,-1,-1,1,-1,1,1,-1,1,1,-1,1,1,1,1,1,1,1,1,1,-1,1,1,1,-1,1,1.
1,-1,1,1,1,-1,-1,1,-1,-1,1,-1,1,1,-1,-1,1,1,0,-1,1,-1,1,1,-1,1,-1,1,-1,1,1.
1,-1,1,-1,1,-1,-1,-1,1,1,1,1,-1,-1,0,-1,1,1,0,1,1,1,1,1,-1,-1,-1,1,1,1,-1.
-1,-1,-1,1,-1,-1,-1,-1,-1,-1,1,-1,1,-1,1,-1,1,1,1,-1,1,-1,1,-1,-1,1,-1,1,-1,1,-1.
1,-1,1,1,1,-1,0,1,1,-1,1,1,-1,0,-1,-1,-1,1,0,-1,1,-1,1,-1,-1,1,-1,1,1,1,1.
1,-1,1,1,1,-1,1,1,-1,-1,1,1,1,0,-1,-1,1,1,0,-1,1,-1,1,1,-1,1,1,1,0,1,1.
-1,-1,-1,1,-1,-1,0,0,-1,1,1,-1,-1,-1,1,-1,1,1,1,-1,1,-1,1,1,-1,-1,-1,1,0,1,-1.
1,-1,1,1,1,-1,0,0,1,-1,1,-1,-1,-1,0,-1,1,1,0,-1,1,-1,1,1,1,-1,-1,1,1,1,-1.
-1,-1,-1,1,-1,-1,-1,1,1,1,1,-1,-1,0,1,-1,1,1,1,1,1,1,1,1,-1,1,-1,1,1,1,1.
1,-1,1,1,1,-1,-1,1,1,1,1,1,-1,-1,-1,-1,1,1,0,1,1,1,1,-1,1,0,-1,-1,1,1,-1.
-1,-1,-1,1,-1,-1,0,0,-1,-1,1,-1,1,-1,1,-1,1,-1,0,-1,1,-1,1,1,-1,1,-1,1,0,-1,-1.
1,-1,1,1,1,-1,-1,1,1,1,1,1,-1,0,-1,-1,1,1,0,1,1,1,1,1,-1,1,-1,1,1,1,1.
1,-1,1,1,1,-1,0,1,1,1,1,-1,-1,0,-1,-1,1,-1,0,1,1,1,1,-1,1,0,-1,1,1,-1,-1.
1,-1,1,1,1,-1,-1,-1,1,1,1,1,-1,0,1,-1,1,1,0,1,1,1,1,1,1,1,-1,1,1,1,-1.
1,-1,1,1,1,-1,-1,1,-1,1,1,1,1,0,0,-1,1,1,0,1,1,1,1,1,1,1,1,1,0,1,1.
1,-1,1,1,1,-1,-1,1,-1,1,1,1,1,0,0,-1,1,1,0,1,1,1,1,1,1,1,1,1,0,1,1.
-1,-1,-1,1,-1,-1,1,1,-1,1,1,-1,1,0,0,-1,1,-1,0,1,1,1,1,1,-1,1,-1,1,-1,-1,1.
1,-1,1,1,1,-1,1,1,1,1,1,1,-1,0,1,-1,1,1,0,1,1,1,1,1,1,1,-1,1,1,1,1.
1,-1,1,1,1,-1,0,1,-1,1,1,1,1,1,0,-1,1,1,0,1,1,1,1,1,1,1,-1,1,-1,1,1.
-1,-1,-1,1,-1,-1,0,-1,1,-1,1,-1,-1,-1,1,-1,1,-1,0,-1,1,-1,-1,-1,-1,1,-1,-1,1,-1,-1.
1,-1,1,1,1,-1,-1,1,-1,1,1,1,1,0,0,-1,1,1,0,1,1,1,1,-1,1,1,-1,1,0,1,1.
1,-1,1,1,1,1,1,1,-1,-1,-1,1,1,0,0,-1,-1,1,0,-1,1,-1,1,1,-1,1,-1,1,1,1,1.
1,-1,1,1,1,-1,-1,-1,-1,1,1,1,-1,-1,0,-1,1,1,0,1,1,1,1,-1,-1,0,-1,1,0,1,-1.
1,1,1,1,1,-1,0,1,-1,1,1,1,1,0,-1,1,1,1,0,1,1,1,1,-1,-1,1,-1,1,1,1,1.
1,-1,1,1,1,-1,0,0,-1,1,1,1,1,-1,0,-1,-1,1,0,1,1,1,1,1,-1,-1,-1,1,0,1,-1.
1,-1,1,1,1,-1,0,0,-1,1,1,1,-1,-1,-1,-1,-1,1,0,1,1,1,1,1,-1,-1,-1,1,0,1,-1.
1,-1,1,1,1,1,0,1,1,1,1,1,-1,0,0,-1,1,1,0,1,1,1,1,-1,1,1,-1,1,0,1,1.
1,-1,1,1,1,-1,-1,0,1,1,1,1,1,0,-1,-1,1,1,0,1,1,1,1,-1,1,1,-1,1,0,1,-1.
1,-1,1,1,1,-1,1,1,1,1,1,1,-1,0,0,-1,1,1,0,1,1,1,1,1,-1,1,-1,1,0,1,1.
1,1,1,1,1,-1,1,1,-1,1,1,-1,1,0,0,1,1,-1,0,1,1,1,1,1,1,1,-1,1,0,-1,1.
1,-1,1,1,1,-1,0,1,1,1,1,-1,-1,0,0,-1,1,-1,0,1,1,1,1,-1,1,1,-1,1,0,-1,1.
1,-1,1,1,1,-1,-1,-1,1,1,1,1,-1,0,0,-1,1,1,0,1,1,1,1,-1,1,1,-1,1,0,1,1.
1,1,1,1,1,-1,-1,1,-1,-1,1,1,1,1,0,1,1,1,0,-1,1,-1,1,1,1,1,1,1,1,1,1.
1,-1,1,1,1,-1,1,1,-1,1,1,1,1,1,-1,-1,1,1,0,1,1,1,1,1,1,1,-1,1,1,1,1.
1,-1,1,1,1,-1,-1,-1,1,1,1,1,1,0,0,-1,1,1,0,1,1,1,1,-1,1,1,-1,1,0,1,-1.
1,-1,1,1,1,-1,0,-1,1,1,1,1,-1,0,-1,-1,1,1,0,1,1,1,1,-1,-1,1,-1,1,0,1,-1.
1,-1,1,1,1,-1,1,1,-1,1,1,1,1,1,0,-1,1,1,0,1,1,1,1,1,1,1,1,1,0,1,1.
1,-1,1,1,1,-1,0,-1,1,1,1,-1,-1,-1,-1,-1,1,-1,0,1,1,1,1,-1,-1,0,-1,1,1,-1,-1.
1,-1,1,1,1,-1,-1,1,1,-1,1,1,-1,-1,0,-1,1,1,0,1,1,-1,1,-1,-1,-1,-1,1,0,1,-1.
-1,-1,-1,1,-1,-1,1,1,1,-1,1,-1,-1,0,1,-1,1,-1,1,1,1,-1,1,1,1,0,-1,1,1,-1,1.
1,-1,1,1,1,-1,-1,-1,-1,-1,1,1,1,0,0,-1,1,1,0,1,1,-1,1,-1,-1,0,1,1,1,1,-1.
1,-1,1,1,1,-1,0,1,-1,-1,1,1,1,0,-1,-1,1,1,0,1,1,-1,1,-1,-1,1,-1,1,1,1,1.
-1,1,-1,1,-1,-1,0,1,1,-1,1,-1,-1,1,1,1,1,-1,1,1,1,-1,1,-1,-1,1,1,1,1,-1,1.
1,-1,1,1,1,-1,-1,1,-1,1,1,1,-1,0,0,-1,1,1,0,1,1,1,1,-1,1,0,-1,1,0,1,1.
-1,-1,-1,1,-1,1,1,1,1,1,1,-1,-1,0,0,-1,1,1,1,1,1,1,1,1,-1,1,-1,1,1,1,1.
1,-1,1,1,1,-1,1,1,-1,1,1,1,1,0,1,-1,1,1,0,1,1,1,1,1,1,1,1,1,0,1,1.
1,-1,1,1,1,-1,1,1,-1,1,1,1,1,0,0,-1,1,1,0,1,1,1,1,1,-1,0,-1,1,0,1,-1.
1,-1,1,1,1,-1,-1,-1,-1,1,1,1,1,-1,-1,-1,1,1,0,1,1,1,1,-1,1,-1,-1,1,0,1,-1.
1,1,1,1,1,-1,1,1,-1,1,1,1,1,0,1,1,1,1,0,1,1,-1,1,1,-1,0,-1,1,1,1,-1.
1,-1,1,1,1,-1,-1,-1,-1,1,1,1,-1,0,-1,-1,1,1,0,1,1,1,1,-1,1,0,-1,-1,0,1,-1.
1,-1,1,1,1,-1,-1,-1,-1,1,1,-1,-1,-1,0,-1,1,1,0,1,1,1,1,-1,1,-1,-1,1,0,1,-1.
1,-1,1,1,1,-1,-1,-1,1,1,1,1,-1,0,0,-1,1,1,0,1,1,1,1,1,-1,1,-1,1,1,1,1.
1,-1,1,1,1,-1,-1,-1,1,1,1,1,-1,0,0,-1,1,1,0,1,1,1,1,-1,1,1,-1,-1,0,1,-1.
1,-1,1,1,1,-1,0,0,1,1,1,1,-1,-1,-1,-1,1,1,0,1,1,1,1,1,-1,-1,-1,1,1,1,-1.
1,-1,1,1,1,-1,0,1,-1,1,1,1,1,0,1,-1,1,1,0,1,1,1,1,-1,-1,1,-1,1,1,1,1.
1,1,1,1,1,-1,0,1,-1,-1,1,1,1,0,0,1,1,-1,0,1,-1,-1,-1,-1,-1,1,-1,1,1,-1,1.
1,-1,1,1,1,-1,0,-1,1,1,1,1,-1,0,-1,-1,1,1,0,1,1,1,1,1,-1,1,-1,1,1,1,1.
1,-1,1,1,1,-1,-1,-1,-1,1,1,-1,1,-1,-1,-1,-1,1,0,1,1,1,1,-1,-1,1,-1,1,0,1,-1.
1,-1,1,1,1,-1,-1,-1,-1,1,1,1,1,0,0,-1,-1,1,0,1,1,1,1,-1,-1,1,-1,1,0,1,-1.
1,-1,1,-1,1,1,1,1,-1,1,1,1,1,1,1,-1,1,1,0,1,1,1,1,1,1,1,-1,1,0,1,1.
1,-1,1,1,1,-1,0,-1,-1,1,1,1,1,-1,-1,-1,1,1,0,1,1,1,1,-1,1,1,-1,1,0,1,-1.
1,-1,1,1,1,-1,0,1,1,-1,1,1,-1,1,0,-1,1,1,0,1,1,-1,-1,-1,-1,1,1,-1,1,1,1.
1,-1,1,1,1,-1,0,1,-1,1,1,1,1,0,0,-1,1,1,0,1,1,1,1,-1,1,1,1,1,0,1,1.
1,-1,1,1,1,-1,1,1,-1,-1,-1,1,-1,0,1,-1,-1,1,0,1,1,-1,1,1,-1,1,1,1,1,1,1.
1,-1,1,1,1,-1,-1,-1,1,1,1,1,-1,1,-1,-1,1,1,0,1,1,1,1,-1,-1,-1,-1,1,1,1,-1.
1,-1,1,1,1,-1,1,1,1,-1,1,1,-1,0,0,-1,1,1,0,1,1,-1,1,1,-1,0,1,1,1,1,1.
1,-1,1,1,1,-1,1,1,1,1,1,1,1,0,0,-1,1,1,0,1,1,1,1,1,1,0,-1,1,1,1,1.
1,-1,1,1,1,-1,-1,-1,1,1,1,1,-1,0,-1,-1,1,1,0,1,1,1,1,-1,1,-1,-1,1,1,1,-1.
1,-1,1,-1,1,-1,0,0,1,1,1,1,-1,-1,0,-1,1,1,0,1,1,1,1,1,1,-1,-1,1,1,1,-1.
1,-1,1,1,1,-1,1,1,-1,1,1,1,1,0,1,-1,1,1,0,1,1,1,1,1,1,1,-1,1,0,1,1.
1,-1,1,-1,1,-1,-1,1,-1,1,1,1,1,1,1,-1,1,1,0,1,1,1,1,1,1,1,-1,-1,0,1,1.
1,-1,1,1,1,-1,1,1,-1,-1,-1,1,1,1,0,-1,-1,1,0,1,1,-1,-1,1,1,1,-1,1,1,1,1.
1,-1,1,1,1,1,-1,1,1,-1,-1,1,-1,1,0,-1,-1,1,0,1,1,-1,-1,-1,1,0,-1,1,0,1,1.
1,1,1,1,1,-1,-1,1,-1,1,1,1,1,0,1,1,1,1,0,1,1,1,1,1,1,1,-1,1,1,1,1.
1,-1,1,1,1,-1,-1,1,1,-1,1,1,1,0,-1,-1,1,1,0,1,-1,-1,-1,1,-1,0,-1,1,1,1,1.
1,1,1,-1,1,1,-1,1,-1,1,1,1,1,0,1,1,1,1,0,1,1,1,1,-1,1,1,-1,1,0,1,1.
1,-1,1,1,1,-1,1,1,-1,-1,1,1,1,0,1,-1,1,1,0,1,1,-1,-1,1,-1,0,-1,1,1,1,1.
1,-1,1,1,1,-1,0,1,1,1,1,1,-1,0,0,-1,1,1,0,1,1,1,1,-1,1,1,-1,1,0,1,1.
1,-1,1,1,1,-1,1,1,-1,1,1,-1,1,1,1,-1,1,1,0,1,1,1,1,1,-1,-1,-1,1,1,1,1.
1,-1,1,-1,1,-1,-1,1,-1,1,1,1,-1,0,1,-1,1,1,0,1,1,1,1,1,1,1,1,1,0,1,1.
1,-1,1,1,1,-1,1,1,-1,-1,1,1,1,0,-1,-1,1,1,0,-1,1,-1,1,1,-1,1,-1,1,1,1,1.
1,-1,1,1,1,-1,-1,-1,1,1,1,1,1,0,0,-1,1,1,0,1,1,1,1,1,-1,1,-1,1,1,1,-1.
1,1,1,1,1,-1,-1,1,-1,1,1,1,1,0,0,1,1,1,0,1,1,1,1,-1,1,1,-1,-1,0,1,1.
1,-1,1,1,1,-1,1,-1,-1,1,1,1,1,-1,0,-1,1,1,0,1,1,1,1,1,1,-1,-1,1,0,1,-1.
1,-1,1,1,1,1,1,1,-1,1,1,1,1,0,0,-1,1,1,0,1,1,1,1,1,1,0,-1,1,0,1,1.
-1,-1,-1,1,-1,-1,-1,1,1,1,1,-1,-1,0,0,-1,1,-1,1,1,1,1,1,-1,-1,1,-1,1,1,-1,1.
1,-1,1,1,1,-1,1,1,1,-1,1,1,-1,1,-1,-1,1,1,0,1,1,-1,1,1,-1,1,-1,1,1,1,1.
-1,-1,-1,1,-1,-1,0,1,-1,1,1,-1,1,0,-1,-1,1,-1,1,1,1,1,1,-1,-1,1,-1,1,1,-1,1.
1,1,1,1,1,-1,0,0,1,1,1,1,-1,-1,0,1,1,1,0,1,1,1,1,1,-1,-1,-1,1,0,1,-1.
1,-1,1,1,1,-1,-1,1,-1,1,1,1,-1,0,-1,-1,1,1,0,1,1,1,1,-1,-1,0,-1,1,0,1,-1.
1,1,1,1,1,-1,-1,1,-1,-1,1,1,1,0,1,1,1,1,0,1,1,-1,1,1,-1,1,-1,1,1,1,1.
1,-1,1,1,1,1,-1,1,-1,-1,1,1,1,1,0,-1,1,1,0,1,1,-1,1,-1,1,1,-1,-1,0,1,1.
1,1,1,1,1,-1,-1,-1,-1,1,1,1,1,-1,-1,1,1,1,0,1,1,1,1,1,-1,-1,-1,1,1,1,-1.
1,-1,1,1,1,-1,1,0,-1,1,1,1,1,0,-1,-1,1,1,0,1,1,1,1,1,1,1,-1,1,0,1,1.
1,-1,1,1,1,-1,-1,-1,1,1,1,1,-1,0,0,-1,1,1,0,1,1,1,1,-1,1,-1,1,1,0,1,-1.
1,-1,1,1,1,-1,-1,1,-1,-1,1,1,1,0,0,-1,1,1,0,1,1,-1,1,1,1,0,-1,1,0,1,1.
1,1,1,1,1,-1,1,1,-1,1,1,1,1,0,0,1,1,1,0,1,1,1,1,1,1,1,-1,1,0,1,1.
1,-1,1,1,1,-1,0,1,1,1,1,1,-1,0,1,-1,1,1,0,1,1,1,1,-1,-1,1,-1,1,1,1,1.
1,1,1,1,1,-1,-1,-1,-1,-1,1,1,1,-1,1,1,1,1,0,1,1,-1,1,-1,-1,-1,-1,1,0,1,-1.
1,-1,1,1,1,1,1,1,-1,-1,1,1,1,0,1,-1,1,1,0,1,1,-1,1,1,-1,1,-1,1,1,1,1.
1,-1,1,1,1,-1,0,0,1,-1,-1,1,1,-1,1,-1,-1,1,0,1,1,-1,1,1,-1,1,-1,1,1,1,-1.
1,-1,1,1,1,-1,0,0,1,1,1,1,-1,-1,-1,-1,1,1,0,1,1,1,1,1,-1,1,-1,1,0,1,-1.
1,-1,1,1,1,-1,-1,1,-1,1,1,1,1,1,0,-1,1,1,0,1,1,1,1,-1,1,0,-1,1,0,1,1.
1,-1,1,-1,1,-1,0,1,-1,1,1,1,1,0,1,-1,1,1,0,1,1,1,1,-1,1,1,1,1,0,1,1.
1,-1,1,1,1,-1,1,1,-1,1,1,1,1,1,-1,-1,1,1,0,1,1,1,1,1,-1,1,1,1,1,1,1.
1,-1,1,1,1,-1,-1,-1,1,1,1,1,1,-1,-1,-1,1,1,0,1,1,1,1,-1,-1,-1,-1,1,0,1,-1.
1,-1,1,1,1,-1,-1,1,1,-1,1,1,-1,1,0,-1,1,1,0,1,1,-1,1,1,1,0,-1,1,0,1,1.
1,-1,1,1,1,-1,0,1,-1,1,1,1,1,0,0,-1,1,1,0,1,1,1,1,1,-1,1,-1,1,1,1,1.
1,1,1,1,1,-1,1,1,-1,-1,1,1,1,0,0,1,1,1,0,1,1,-1,1,1,-1,1,-1,1,1,1,1.
-1,-1,-1,1,-1,-1,-1,1,-1,-1,1,-1,1,-1,1,-1,1,-1,1,1,1,-1,1,-1,-1,0,-1,1,1,-1,-1.
1,-1,1,1,1,1,1,1,1,1,1,1,-1,1,0,-1,1,1,0,1,1,1,1,1,-1,1,-1,-1,1,1,1.
1,-1,1,-1,1,-1,-1,-1,-1,1,1,1,-1,-1,0,-1,1,1,0,1,1,1,1,-1,-1,-1,-1,1,1,1,-1.
1,-1,1,1,1,-1,-1,-1,-1,1,1,1,-1,-1,0,-1,1,1,0,1,1,1,1,-1,-1,1,-1,1,0,1,-1.
1,-1,1,1,1,1,1,1,-1,1,1,1,1,1,-1,-1,1,1,0,1,1,1,1,1,1,0,1,1,0,1,1.
-1,-1,-1,1,-1,1,1,1,-1,1,1,-1,1,0,0,-1,1,-1,1,1,1,1,1,1,-1,1,-1,1,1,-1,1.
1,-1,1,1,1,-1,0,1,-1,1,1,1,1,1,1,-1,1,1,0,1,1,1,1,-1,1,1,-1,1,0,1,1.
1,-1,1,1,1,-1,-1,-1,-1,-1,1,1,-1,-1,-1,-1,1,1,0,1,1,-1,1,-1,-1,1,-1,1,1,1,-1.
1,-1,1,1,1,-1,0,-1,-1,1,1,1,1,0,0,-1,1,1,0,1,1,1,1,-1,1,1,-1,1,0,1,-1.
-1,1,-1,1,-1,-1,0,0,-1,1,1,-1,1,-1,1,1,1,-1,1,1,1,1,1,1,-1,1,-1,1,1,-1,-1.
1,-1,1,1,1,-1,1,1,-1,1,1,1,1,1,1,-1,1,1,0,1,1,1,1,1,1,1,-1,1,0,1,1.
1,-1,1,1,1,-1,0,0,-1,-1,1,1,1,-1,1,-1,1,1,0,1,1,-1,1,1,-1,1,-1,1,1,1,-1.
-1,1,-1,1,-1,-1,0,1,-1,1,1,-1,1,0,0,1,1,-1,1,1,1,1,1,1,-1,1,-1,1,1,-1,1.
1,-1,1,1,1,-1,1,1,-1,-1,1,1,1,0,-1,-1,1,1,0,1,1,-1,1,1,-1,1,-1,1,0,1,1.
1,-1,1,1,1,1,0,1,-1,1,1,1,-1,1,0,-1,1,1,0,1,1,1,1,1,1,1,-1,1,1,1,1.
1,-1,1,1,1,-1,0,1,-1,1,1,1,-1,0,1,-1,1,1,0,1,1,1,1,-1,1,1,1,-1,0,1,1.
1,-1,1,1,1,-1,0,1,-1,1,1,1,1,0,0,-1,1,1,0,1,1,1,1,-1,-1,1,-1,1,0,1,1.
1,-1,1,1,1,-1,1,1,-1,1,1,1,1,1,1,-1,1,1,0,1,1,1,1,1,-1,1,-1,1,0,1,1.
1,1,1,1,1,-1,1,1,-1,1,1,1,1,0,0,1,1,1,0,1,1,1,1,1,1,1,-1,1,0,1,1.
1,-1,1,1,1,-1,0,1,-1,1,1,1,1,1,0,-1,1,1,0,1,1,1,1,-1,1,1,-1,1,0,1,1.
1,-1,1,1,1,-1,0,-1,-1,1,1,1,1,0,0,-1,1,1,0,1,1,1,1,1,1,1,-1,1,0,1,1.
1,-1,1,1,1,-1,1,1,-1,1,1,1,1,0,0,-1,1,1,0,1,1,1,1,1,1,1,-1,1,0,1,1.
1,-1,1,1,1,1,-1,1,-1,1,1,1,1,0,0,-1,1,1,0,1,1,1,1,1,1,1,1,1,0,1,1.
1,-1,1,1,1,-1,-1,-1,1,1,1,1,-1,0,-1,-1,1,1,0,1,1,1,1,-1,1,0,-1,1,0,1,-1.
1,-1,1,1,1,-1,-1,-1,1,1,1,1,1,0,-1,-1,1,1,0,1,1,1,1,-1,1,0,-1,-1,0,1,-1.
1,-1,1,1,1,-1,1,-1,1,1,1,1,-1,0,-1,-1,1,1,0,1,1,1,1,1,1,1,-1,1,0,1,-1.
-1,-1,-1,1,-1,-1,-1,-1,-1,-1,1,-1,1,-1,1,-1,1,-1,1,-1,1,-1,1,-1,-1,0,-1,1,1,-1,-1.
1,-1,1,1,1,-1,1,1,-1,1,1,1,-1,0,1,-1,1,1,0,1,1,1,1,1,-1,-1,-1,1,1,1,1.
1,-1,1,-1,1,-1,1,1,1,1,1,1,-1,0,0,-1,1,1,0,1,1,1,1,1,-1,-1,1,1,0,1,1.
1,1,1,1,1,-1,-1,-1,-1,1,1,1,1,-1,0,1,1,1,0,1,1,1,1,-1,-1,-1,-1,1,1,1,-1.
1,-1,1,1,1,-1,1,1,1,-1,1,1,-1,0,1,-1,1,1,0,1,1,-1,1,1,-1,1,-1,1,1,1,1.
1,-1,1,1,1,-1,1,1,1,1,1,1,-1,0,0,-1,1,1,0,1,1,1,1,1,-1,1,1,-1,0,1,1.
1,-1,1,1,1,-1,0,1,1,1,1,1,-1,1,-1,-1,1,1,0,1,1,1,1,-1,-1,0,1,-1,1,1,1.
1,-1,1,-1,1,-1,-1,-1,-1,1,1,1,1,-1,0,-1,1,1,0,1,1,1,1,-1,-1,-1,-1,1,0,1,-1.
1,-1,1,-1,1,-1,0,0,1,1,1,1,-1,-1,0,-1,1,1,0,1,1,1,1,1,-1,-1,-1,1,0,1,-1.
-1,-1,-1,1,-1,-1,-1,1,-1,1,1,-1,1,1,-1,-1,1,-1,1,1,1,1,1,1,1,1,1,1,1,1,1.
1,-1,1,1,1,-1,1,1,-1,1,1,1,1,0,0,-1,1,1,0,1,1,1,1,1,1,1,-1,1,0,1,1.
1,-1,1,1,1,-1,0,-1,1,1,1,1,-1,0,-1,-1,1,1,0,1,1,1,1,1,-1,1,-1,1,1,1,-1.
1,-1,1,1,1,-1,0,0,-1,1,1,1,1,-1,-1,-1,1,1,0,1,1,1,1,1,-1,0,-1,1,0,1,-1.
1,-1,1,1,1,-1,1,-1,1,1,1,1,-1,0,-1,-1,1,1,0,1,1,1,1,1,-1,1,-1,1,1,1,-1.
1,-1,1,1,1,-1,-1,1,-1,1,1,1,1,0,0,-1,1,1,0,1,1,1,1,1,-1,0,-1,1,1,1,-1.
1,-1,1,1,1,-1,0,1,1,1,1,1,-1,0,1,-1,1,1,0,1,1,1,1,1,-1,1,-1,1,1,1,1.
-1,1,-1,1,-1,-1,-1,-1,-1,1,1,-1,1,-1,-1,1,1,-1,1,1,1,1,1,-1,-1,1,-1,1,1,1,-1.
1,-1,1,1,1,-1,0,0,1,1,1,1,-1,-1,0,-1,1,1,0,1,1,1,1,1,1,-1,-1,1,0,1,-1.
1,-1,1,1,1,1,1,1,1,1,1,1,-1,0,0,-1,1,1,0,1,1,1,1,1,1,-1,1,1,0,1,1.
1,-1,1,1,1,-1,-1,-1,-1,-1,-1,1,1,-1,0,-1,-1,1,0,1,1,-1,1,-1,1,-1,-1,1,0,1,-1.
1,1,1,1,1,-1,0,0,-1,1,1,1,1,-1,0,1,1,1,0,1,1,1,1,1,-1,1,-1,1,1,1,-1.
1,-1,1,1,1,-1,1,1,-1,-1,-1,1,-1,1,0,-1,-1,1,0,1,1,-1,-1,1,-1,1,-1,1,0,1,1.
1,-1,1,1,1,1,-1,1,1,-1,-1,1,-1,1,0,-1,-1,1,0,1,1,-1,-1,-1,1,-1,-1,1,0,1,1.
1,-1,1,1,1,-1,-1,-1,1,1,1,1,-1,-1,-1,-1,1,1,0,1,1,1,1,-1,-1,-1,-1,1,0,1,-1.
1,1,1,1,1,-1,-1,1,-1,-1,-1,1,1,0,1,1,-1,1,0,1,1,-1,-1,1,-1,1,-1,1,1,1,1.
1,1,1,1,1,-1,0,-1,-1,1,1,1,1,-1,0,1,1,1,0,1,1,1,1,-1,-1,0,-1,1,1,1,-1.
1,-1,1,1,1,-1,1,1,1,1,1,1,1,0,-1,-1,1,1,0,1,1,1,1,1,-1,0,-1,1,1,1,1.
1,-1,1,1,1,-1,-1,-1,-1,1,1,1,1,-1,-1,-1,1,1,0,1,1,1,1,-1,-1,-1,-1,1,1,1,-1.
1,1,1,1,1,-1,-1,-1,-1,1,1,1,1,-1,-1,1,1,1,0,1,1,1,1,-1,-1,0,-1,1,0,1,-1.
-1,-1,-1,1,-1,-1,-1,-1,1,-1,-1,-1,-1,-1,1,-1,-1,-1,1,1,1,-1,-1,-1,-1,0,-1,1,1,1,-1.
1,-1,1,1,1,-1,1,1,-1,1,1,1,1,1,1,-1,1,1,0,1,1,1,1,1,1,1,-1,1,0,1,1.
1,-1,1,1,1,-1,0,0,1,1,1,1,-1,-1,-1,-1,1,1,0,1,1,1,1,1,-1,0,-1,1,1,1,-1.
1,-1,1,1,1,-1,0,-1,1,1,1,1,-1,0,1,-1,1,1,0,1,1,1,1,-1,1,1,-1,1,0,1,1.
1,-1,1,1,1,-1,0,1,-1,1,1,1,-1,0,0,-1,1,1,0,1,1,1,1,-1,1,1,1,1,0,1,1.
1,1,1,1,1,-1,1,1,-1,1,1,1,1,1,-1,1,1,1,0,1,1,1,1,1,-1,1,-1,1,1,1,1.
1,-1,1,1,1,1,-1,1,-1,1,1,1,1,1,1,-1,1,1,0,1,1,1,1,1,-1,1,-1,1,1,1,1.
1,1,1,-1,1,-1,-1,-1,-1,1,1,1,1,0,1,1,1,1,0,1,1,1,1,1,-1,1,-1,1,0,1,-1.
1,-1,1,1,1,-1,0,-1,-1,1,1,1,-1,0,0,-1,1,1,0,1,1,1,1,1,1,1,-1,1,1,1,1.
-1,-1,-1,1,-1,-1,0,1,1,1,1,-1,-1,0,1,-1,1,-1,1,1,1,1,1,1,1,1,-1,1,1,1,1.
1,-1,1,1,1,-1,-1,-1,1,1,1,1,-1,-1,-1,-1,1,1,0,1,1,1,1,-1,-1,0,-1,1,0,1,-1.
-1,1,-1,1,-1,1,-1,1,-1,1,1,-1,1,1,0,1,1,-1,1,1,1,1,1,1,1,1,-1,1,1,1,1.
1,-1,1,1,1,-1,-1,1,-1,1,1,1,1,0,-1,-1,1,1,0,1,1,1,1,1,1,0,-1,1,1,1,1.
1,-1,1,1,1,-1,-1,1,1,1,1,1,1,0,0,-1,1,1,0,1,1,1,1,1,1,1,-1,1,0,1,1.
1,-1,1,1,1,-1,0,1,-1,-1,-1,1,1,1,1,-1,-1,1,0,-1,1,-1,1,-1,1,1,-1,1,1,-1,1.
1,-1,1,-1,1,-1,-1,1,1,1,1,1,1,0,1,-1,1,1,0,1,1,1,1,-1,1,1,1,1,0,1,1.
1,-1,1,1,1,-1,0,1,-1,-1,-1,1,-1,1,1,-1,-1,1,0,1,1,-1,1,-1,-1,1,-1,1,1,1,1.
1,-1,1,1,1,-1,-1,-1,-1,1,1,1,-1,0,0,-1,1,1,0,1,1,1,1,-1,-1,0,-1,1,0,1,-1.
1,1,1,1,1,-1,0,-1,-1,1,1,1,1,-1,1,1,1,1,0,1,1,1,1,-1,-1,-1,-1,1,1,1,-1.
1,-1,1,1,1,-1,-1,1,1,1,1,1,1,0,-1,-1,1,1,0,1,1,1,1,1,-1,1,-1,1,1,1,1.
1,-1,1,1,1,-1,-1,1,1,1,1,1,1,1,0,-1,1,1,0,1,1,1,1,1,1,1,1,1,0,1,1.
1,1,1,1,1,-1,0,0,-1,1,1,1,1,-1,-1,1,1,1,0,1,1,1,1,1,1,0,-1,1,0,1,-1.
1,-1,1,1,1,-1,1,-1,1,1,1,1,-1,0,0,-1,1,1,0,1,1,1,1,1,-1,1,-1,1,1,1,-1.
1,-1,1,1,1,-1,-1,1,-1,1,1,1,1,1,0,-1,1,1,0,1,1,1,1,1,1,1,1,1,0,1,1.
1,-1,1,1,1,-1,0,1,-1,1,1,1,1,0,0,-1,1,1,0,1,1,1,1,-1,1,0,-1,1,0,1,-1.
1,1,1,1,1,1,-1,1,-1,-1,-1,1,1,1,-1,1,-1,1,0,1,1,-1,-1,1,1,1,-1,1,0,-1,1.
1,-1,1,1,1,-1,-1,1,-1,1,1,1,1,0,-1,-1,1,1,0,1,1,1,1,1,1,0,-1,1,0,1,-1.
1,-1,1,1,1,-1,-1,1,1,1,1,1,-1,-1,-1,-1,1,1,0,1,1,1,1,-1,1,-1,-1,1,0,1,-1.
1,1,1,1,1,-1,0,0,-1,1,1,1,-1,-1,-1,1,1,1,0,1,1,1,1,1,-1,-1,-1,1,1,1,-1.
1,-1,1,1,1,-1,0,-1,-1,1,1,1,1,1,1,-1,1,1,0,1,1,1,1,1,1,1,1,1,0,1,1.
1,1,1,1,1,1,1,1,-1,1,1,1,1,1,0,1,1,1,0,1,1,1,1,1,1,1,-1,1,0,1,1.
1,-1,1,1,1,-1,0,0,1,-1,-1,1,1,-1,0,-1,-1,1,0,1,1,-1,1,1,-1,0,-1,1,0,-1,-1.
-1,1,-1,1,-1,-1,-1,1,-1,1,1,-1,1,0,-1,1,1,-1,1,1,1,1,1,1,-1,0,-1,1,1,1,1.
1,-1,1,1,1,-1,-1,1,-1,1,1,1,1,1,-1,-1,1,1,0,1,1,1,1,-1,1,0,-1,1,0,1,1.
1,-1,1,1,1,-1,0,1,-1,1,1,1,1,0,-1,-1,1,1,0,1,1,1,1,-1,1,1,1,1,0,1,1.
1,1,1,1,1,-1,1,1,-1,1,1,1,1,0,0,1,1,1,0,1,1,1,1,1,-1,1,-1,1,0,1,1.
1,-1,1,1,1,1,-1,1,-1,1,1,1,1,0,-1,-1,1,1,0,1,1,1,1,1,-1,1,-1,1,1,1,1.
1,-1,1,1,1,1,1,1,1,1,1,1,-1,1,1,-1,1,1,0,1,1,1,1,1,1,1,-1,1,0,1,1.
1,-1,1,-1,1,-1,1,1,-1,1,1,1,1,1,1,-1,1,1,0,1,1,1,1,1,1,1,-1,1,0,1,1.
1,-1,1,1,1,-1,-1,1,1,1,1,1,-1,0,-1,-1,1,1,0,1,1,1,1,-1,1,1,-1,1,0,1,-1.
1,-1,1,1,1,-1,-1,1,-1,-1,-1,1,1,0,1,-1,-1,1,0,1,-1,-1,-1,1,-1,1,1,1,1,-1,1.
1,1,1,1,1,-1,-1,1,1,1,1,1,1,0,0,1,1,1,0,1,1,1,1,1,-1,0,-1,1,1,1,1.
1,-1,1,1,1,-1,1,1,-1,1,1,1,1,0,1,-1,1,1,0,1,1,1,1,1,-1,0,-1,1,1,1,1.
1,-1,1,1,1,-1,0,1,-1,-1,-1,1,1,0,0,-1,-1,1,0,1,1,-1,-1,-1,-1,1,1,1,1,-1,1.
-1,1,-1,1,-1,-1,-1,1,-1,1,1,-1,1,1,-1,1,1,-1,1,1,1,1,1,-1,-1,1,-1,1,1,1,1.
1,-1,1,1,1,-1,-1,1,1,1,1,1,1,0,-1,-1,1,1,0,1,1,1,1,-1,-1,1,-1,1,1,1,1.
1,-1,1,-1,1,1,1,1,-1,1,1,1,1,0,1,-1,1,1,0,1,1,1,1,1,1,1,-1,1,0,1,1.
1,-1,1,1,1,-1,-1,-1,1,-1,-1,1,-1,-1,0,-1,-1,1,0,1,1,-1,1,-1,-1,-1,-1,-1,0,-1,-1.
1,1,1,1,1,-1,1,1,-1,-1,-1,1,1,1,-1,1,-1,1,0,1,1,-1,1,1,1,1,-1,1,1,-1,1.
1,-1,1,1,1,-1,0,1,-1,1,1,1,-1,0,1,-1,1,1,0,1,1,1,1,-1,1,0,-1,1,0,1,-1.
1,-1,1,1,1,-1,-1,-1,1,1,1,1,-1,0,-1,-1,1,1,0,1,1,1,1,-1,-1,0,-1,1,0,1,-1.
1,-1,1,1,1,-1,-1,1,1,1,1,1,1,1,1,-1,1,1,0,1,1,1,1,1,1,1,1,1,0,1,1.
1,-1,1,1,1,1,-1,1,-1,-1,-1,1,1,0,1,-1,-1,1,0,1,1,-1,-1,1,1,1,-1,1,1,-1,1.
1,-1,1,1,1,-1,-1,-1,-1,1,1,1,-1,-1,-1,-1,1,1,0,1,1,1,1,-1,-1,-1,-1,1,0,1,-1.
1,-1,1,1,1,-1,-1,1,-1,1,1,1,1,1,0,-1,1,1,0,1,1,1,1,-1,1,1,1,-1,0,1,1.
1,-1,1,1,1,-1,-1,1,-1,1,1,1,1,0,-1,-1,1,1,0,1,1,1,1,1,1,0,-1,-1,0,1,1.
-1,-1,-1,1,-1,-1,1,1,-1,1,1,-1,-1,0,-1,-1,1,-1,1,1,1,1,1,1,1,1,-1,1,1,1,1.
1,-1,1,1,1,-1,0,1,-1,1,1,1,-1,0,-1,-1,1,1,0,1,1,1,1,-1,1,1,1,1,0,1,1.
1,-1,1,1,1,-1,0,-1,-1,1,1,1,1,1,0,-1,1,1,0,1,1,1,1,1,1,1,-1,1,0,1,1.
1,-1,1,1,1,-1,-1,1,-1,1,1,1,1,0,1,-1,1,1,0,1,1,1,1,-1,1,0,-1,1,0,1,1.
1,-1,1,1,1,1,1,1,-1,1,1,1,1,0,0,-1,1,1,0,1,1,1,1,1,1,1,-1,1,0,1,1.
1,-1,1,1,1,-1,-1,-1,1,1,1,1,1,0,0,-1,1,1,0,1,1,1,1,-1,1,-1,-1,-1,0,1,-1.
-1,-1,-1,1,-1,-1,-1,1,-1,1,1,-1,1,0,1,-1,1,-1,1,1,1,1,1,1,1,1,-1,1,1,1,1.
1,-1,1,1,1,-1,-1,1,-1,1,1,1,1,0,-1,-1,1,1,0,1,1,1,1,1,1,1,-1,1,0,1,1.
1,-1,1,1,1,-1,1,1,1,1,1,1,-1,0,0,-1,1,1,0,1,1,1,1,1,1,1,1,1,0,1,1.
1,-1,1,1,1,-1,-1,-1,-1,1,1,1,1,0,0,-1,1,1,0,1,1,1,1,-1,1,1,-1,1,0,1,-1.
1,-1,1,1,1,-1,0,1,-1,1,1,1,1,0,1,-1,1,1,0,1,1,1,1,-1,-1,1,-1,1,1,1,1.
1,-1,1,1,1,-1,-1,-1,-1,1,1,1,1,-1,0,-1,1,1,0,1,1,1,1,-1,1,-1,-1,1,0,1,-1.
1,-1,1,1,1,-1,-1,-1,1,1,1,1,-1,-1,-1,-1,1,1,0,1,1,1,1,-1,1,-1,-1,1,0,1,-1.
1,-1,1,1,1,-1,-1,-1,-1,1,1,1,-1,0,-1,-1,1,1,0,1,1,1,1,-1,1,1,-1,1,0,1,-1.
1,-1,1,1,1,-1,-1,-1,-1,1,1,1,1,0,-1,-1,1,1,0,1,1,1,1,-1,-1,0,-1,1,0,1,-1.
1,-1,1,-1,1,1,1,1,-1,1,1,1,1,1,1,-1,1,1,0,1,1,1,1,1,1,1,1,1,0,1,1.
1,-1,1,1,1,-1,-1,-1,-1,1,1,1,1,-1,-1,-1,1,1,0,1,1,1,1,1,-1,0,-1,1,1,1,-1.
1,1,1,1,1,-1,0,0,-1,-1,-1,1,1,-1,0,1,-1,1,0,1,1,1,1,1,-1,0,-1,1,1,-1,-1.
1,-1,1,1,1,-1,-1,1,-1,-1,-1,1,-1,0,-1,-1,-1,1,0,1,1,1,1,1,-1,0,-1,1,1,-1,-1.
1,-1,1,1,1,-1,0,-1,1,1,1,1,-1,-1,0,-1,1,1,0,1,1,1,1,-1,-1,0,-1,1,0,1,-1.
1,-1,1,1,1,-1,1,1,1,1,1,1,1,1,0,-1,1,1,0,1,1,1,1,1,1,1,-1,1,0,1,1.
1,-1,1,1,1,1,0,-1,-1,1,1,1,1,1,1,-1,1,1,0,1,1,1,1,1,1,1,-1,1,0,1,1.
1,-1,1,1,1,-1,1,1,-1,1,1,1,-1,0,0,-1,1,1,0,1,1,1,1,-1,-1,-1,-1,1,1,1,1.
1,-1,1,1,1,-1,-1,1,-1,1,1,1,1,0,0,-1,1,1,0,1,1,1,1,1,1,1,-1,1,0,1,1.
1,-1,1,1,1,-1,0,1,1,1,1,1,-1,1,0,-1,1,1,0,1,1,1,1,-1,1,1,-1,1,0,1,1.
-1,-1,-1,1,-1,-1,0,-1,1,1,1,-1,-1,-1,1,-1,1,-1,1,1,1,1,1,-1,1,-1,-1,1,0,1,-1.
-1,-1,-1,1,-1,-1,0,1,1,1,1,-1,-1,1,0,-1,1,-1,1,1,1,1,1,-1,-1,1,-1,1,1,1,1.
1,-1,1,1,1,-1,-1,1,-1,1,1,1,1,1,1,-1,1,1,0,1,1,1,1,1,1,1,1,-1,0,1,1.
1,1,1,1,1,-1,-1,-1,-1,1,1,1,-1,-1,0,1,1,1,0,1,1,1,1,-1,1,-1,-1,1,0,1,-1.
1,-1,1,1,1,-1,0,0,-1,1,1,1,1,-1,-1,-1,1,1,0,1,1,1,1,1,-1,-1,-1,1,1,1,-1.
1,-1,1,1,1,-1,0,0,1,1,1,1,-1,0,0,-1,1,1,0,1,1,1,1,1,1,-1,-1,1,0,1,-1.
1,1,1,1,1,-1,0,0,-1,-1,-1,1,1,-1,0,1,-1,1,0,1,1,-1,1,1,1,0,-1,1,0,-1,-1.
1,-1,1,-1,1,-1,-1,-1,1,1,1,1,-1,-1,0,-1,1,1,0,1,1,1,1,-1,1,-1,-1,1,0,1,-1.
1,-1,1,1,1,-1,-1,-1,1,1,1,1,-1,0,-1,-1,1,1,0,1,1,1,1,-1,1,1,-1,1,0,1,-1.
1,-1,1,1,1,-1,-1,-1,1,1,1,1,-1,-1,0,-1,1,1,0,1,1,1,1,-1,-1,0,-1,1,1,1,-1.
1,1,1,1,1,-1,-1,-1,-1,-1,-1,1,1,-1,0,1,-1,1,0,1,1,-1,1,-1,-1,1,-1,1,1,-1,-1.
1,-1,1,1,1,-1,0,-1,-1,1,1,1,1,-1,0,-1,1,1,0,1,1,-1,1,-1,-1,-1,-1,1,0,1,-1.
1,-1,1,1,1,-1,-1,-1,1,1,1,1,-1,-1,0,-1,1,1,0,1,1,1,1,-1,-1,-1,-1,1,1,1,-1.
-1,-1,-1,1,-1,-1,1,1,1,1,1,-1,-1,0,0,-1,1,-1,1,1,1,1,1,1,-1,1,-1,-1,1,1,1.
1,-1,1,1,1,-1,-1,-1,-1,-1,-1,1,-1,-1,0,-1,-1,1,0,1,1,-1,1,-1,-1,-1,-1,1,0,-1,-1.
1,1,1,1,1,-1,-1,1,-1,-1,-1,1,1,0,-1,1,-1,1,0,1,1,-1,1,-1,-1,1,-1,1,1,-1,1.
1,-1,1,1,1,1,1,1,-1,1,1,1,1,0,1,-1,1,1,0,1,1,1,1,1,-1,-1,-1,1,1,1,1.
1,-1,1,1,1,1,0,1,-1,1,1,1,1,0,0,-1,1,1,0,1,1,-1,1,-1,-1,1,-1,1,1,1,1.
1,-1,1,1,1,-1,0,0,1,1,1,1,-1,-1,0,-1,1,1,0,1,1,1,1,1,-1,-1,-1,1,0,1,-1.
1,-1,1,1,1,-1,1,1,-1,-1,-1,1,1,0,-1,-1,-1,1,0,1,1,1,1,1,1,1,-1,1,0,-1,1.
1,1,1,1,1,-1,1,1,-1,1,1,1,1,1,0,1,1,1,0,1,1,1,1,1,1,1,-1,1,0,1,1.
1,1,1,1,1,1,-1,1,-1,1,1,1,1,1,0,1,1,1,0,1,1,1,1,-1,1,1,-1,1,0,1,1.
1,-1,1,1,1,-1,1,1,1,1,1,1,-1,0,-1,-1,1,1,0,1,1,1,1,1,1,1,-1,-1,0,1,1.
1,-1,1,1,1,-1,-1,1,-1,1,1,1,1,0,1,-1,1,1,0,1,1,1,1,1,1,1,-1,1,0,1,1.
-1,-1,-1,1,-1,-1,-1,1,1,1,1,-1,-1,0,-1,-1,1,-1,1,1,1,1,1,1,1,1,1,1,1,1,1.
1,-1,1,1,1,-1,-1,-1,1,1,1,1,-1,0,-1,-1,1,1,0,1,1,1,1,-1,1,0,-1,1,0,1,-1.
1,-1,1,1,1,-1,-1,1,-1,1,1,1,1,0,0,-1,1,1,0,1,1,1,1,-1,1,0,-1,1,0,1,1.
1,1,1,-1,1,-1,-1,-1,-1,1,1,1,1,-1,0,1,1,1,0,1,1,1,1,-1,-1,-1,-1,1,0,1,-1.
-1,-1,-1,1,-1,-1,-1,-1,-1,-1,-1,-1,-1,-1,1,-1,-1,-1,1,1,1,-1,1,-1,-1,0,-1,1,1,-1,-1.
1,-1,1,1,1,-1,-1,1,1,-1,-1,1,-1,0,0,-1,-1,1,0,1,1,-1,1,1,1,1,1,1,1,-1,1.
1,-1,1,1,1,-1,0,0,1,1,1,1,-1,-1,0,-1,1,1,0,1,1,1,1,1,1,-1,-1,-1,0,1,-1.
-1,1,-1,1,-1,1,0,-1,-1,-1,-1,-1,1,1,1,1,-1,-1,1,1,-1,-1,-1,-1,1,0,-1,-1,1,-1,1.
1,-1,1,1,1,-1,-1,1,-1,1,1,1,1,0,-1,-1,1,1,0,1,1,1,1,-1,1,0,-1,1,0,1,-1.
1,-1,1,1,1,-1,1,1,-1,1,1,1,1,0,0,-1,1,1,0,1,1,1,1,-1,-1,0,-1,-1,1,1,1.
1,-1,1,1,1,-1,-1,-1,-1,1,1,1,1,-1,0,-1,1,1,0,1,1,1,1,-1,1,0,-1,1,0,1,-1.
1,-1,1,1,1,-1,-1,-1,-1,-1,-1,1,1,-1,0,-1,-1,1,0,-1,1,-1,1,-1,-1,0,-1,1,0,-1,-1.
-1,1,-1,1,-1,-1,0,1,-1,-1,-1,-1,-1,0,1,1,-1,-1,1,-1,1,-1,1,-1,-1,-1,1,1,1,-1,1.
1,-1,1,1,1,-1,1,1,1,1,1,1,-1,-1,0,-1,1,1,0,1,1,1,1,1,-1,-1,-1,-1,0,1,-1.
1,-1,1,1,1,-1,-1,-1,1,1,1,1,-1,0,0,-1,1,1,0,1,1,1,1,1,-1,1,-1,-1,1,1,-1.
1,-1,1,1,1,-1,-1,1,1,1,1,1,-1,0,-1,-1,1,1,0,1,1,1,1,-1,-1,0,-1,1,0,1,-1.
1,-1,1,1,1,-1,0,0,1,-1,-1,1,-1,-1,-1,-1,-1,1,0,-1,1,-1,1,1,-1,1,-1,1,1,-1,-1.
1,-1,1,1,1,-1,1,1,-1,1,1,1,-1,0,0,-1,1,1,0,1,1,1,1,1,1,1,1,1,0,1,1.
1,-1,1,1,1,-1,-1,-1,1,1,1,1,-1,-1,-1,-1,1,1,0,1,1,1,1,-1,-1,0,-1,-1,0,1,-1.
1,-1,1,1,1,-1,0,0,1,1,1,1,-1,-1,0,-1,1,1,0,1,1,1,1,1,1,1,-1,-1,0,1,-1.
1,-1,1,1,1,-1,-1,-1,-1,1,1,1,1,-1,-1,-1,1,1,0,1,1,1,1,-1,1,1,-1,1,0,1,-1.
1,-1,1,1,1,-1,1,1,1,1,1,1,-1,0,-1,-1,1,1,0,1,1,1,1,1,1,-1,1,1,0,1,1.
1,-1,1,1,1,1,-1,1,1,1,1,1,-1,0,1,-1,1,1,0,1,1,1,1,1,-1,1,-1,1,1,1,1.
1,1,1,1,1,-1,-1,-1,1,1,1,1,1,0,0,1,1,1,0,1,1,1,1,1,-1,1,-1,-1,1,1,-1.
1,-1,1,1,1,-1,1,1,-1,1,1,1,1,0,0,-1,1,1,0,1,1,1,1,1,1,0,-1,1,0,1,1.
